bins = 30;

a = [134.0, 3.0, 66.0, 35.0, 49.0, 7.0, 10.0, 893.0, 405.0, 645.0, 4.0, 1.0, 2.0, 1.0, 34.0, 767.0, 1.0, 60.0, 12.0, 188.0, 933.0, 22.0, 150.0, 136.0, 255.0, 300.0, 29.0, 471.0, 2.0, 1.0, 852.0, 125.0, 119.0, 2.0, 18.0, 1.0, 1.0, 8.0, 7.0, 349.0, 809.0, 366.0, 55.0, 2.0, 3.0, 337.0, 1.0, 100.0, 181.0, 116.0, 3.0, 197.0, 665.0, 1.0, 11.0, 335.0, 202.0, 953.0, 417.0, 2.0, 753.0, 127.0, 89.0, 231.0, 15.0, 18.0, 332.0, 24.0, 942.0, 795.0, 8.0, 1.0, 1.0, 1.0, 21.0, 811.0, 922.0, 175.0, 24.0, 4.0, 6.0, 321.0, 1.0, 1.0, 8.0, 1.0, 326.0, 1.0, 6.0, 30.0, 545.0, 4.0, 390.0, 54.0, 505.0, 1.0, 71.0, 23.0, 25.0, 28.0, 9.0, 20.0, 109.0, 6.0, 1.0, 107.0, 149.0, 53.0, 3.0, 10.0, 516.0, 2.0, 1.0, 4.0, 449.0, 5.0, 14.0, 96.0, 12.0, 8.0, 86.0, 143.0, 454.0, 43.0, 26.0, 6.0, 32.0, 818.0, 55.0, 1.0, 98.0, 63.0, 256.0, 144.0, 63.0, 6.0, 154.0, 2.0, 1.0, 117.0, 606.0, 6.0, 30.0, 2.0, 1.0, 94.0, 10.0, 47.0, 641.0, 31.0, 3.0, 7.0, 4.0, 138.0, 1.0, 4.0, 2.0, 5.0, 164.0, 1.0, 1.0, 447.0, 31.0, 1.0, 30.0, 1.0, 2.0, 418.0, 8.0, 900.0, 42.0, 52.0, 4.0, 26.0, 662.0, 3.0, 509.0, 1.0, 4.0, 84.0, 5.0, 1.0, 3.0, 2.0, 51.0, 130.0, 5.0, 61.0, 1.0, 20.0, 1.0, 115.0, 14.0, 259.0, 52.0, 86.0, 16.0, 7.0, 4.0, 148.0, 3.0, 2.0, 551.0, 97.0, 536.0, 1.0, 2.0, 42.0, 770.0, 7.0, 2.0, 1.0, 259.0, 85.0, 14.0, 20.0, 279.0, 32.0, 45.0, 49.0, 9.0, 1.0, 98.0, 117.0, 1.0, 24.0, 99.0, 225.0, 125.0, 7.0, 1.0, 8.0, 28.0, 721.0, 101.0, 1.0, 25.0, 478.0, 2.0, 8.0, 102.0, 1.0, 4.0, 18.0, 12.0, 2.0, 5.0, 42.0, 2.0, 9.0, 3.0, 32.0, 8.0, 6.0, 296.0, 85.0, 1.0, 618.0, 393.0, 330.0, 11.0, 10.0, 29.0, 1.0, 1.0, 203.0, 4.0, 125.0, 13.0, 5.0, 4.0, 1.0, 2.0, 7.0, 297.0, 313.0, 4.0, 58.0, 22.0, 13.0, 337.0, 260.0, 1.0, 4.0, 302.0, 14.0, 144.0, 396.0, 5.0, 882.0, 279.0, 180.0, 9.0, 2.0, 4.0, 4.0, 1.0, 4.0, 3.0, 1.0, 203.0, 757.0, 3.0, 555.0, 1.0, 813.0, 12.0, 27.0, 1.0, 2.0, 331.0, 4.0, 3.0, 2.0, 243.0, 6.0, 31.0, 27.0, 33.0, 9.0, 2.0, 3.0, 9.0, 521.0, 40.0, 393.0, 74.0, 23.0, 13.0, 83.0, 1.0, 2.0, 146.0, 585.0, 10.0, 9.0, 1.0, 1.0, 30.0, 599.0, 1.0, 7.0, 44.0, 8.0, 1.0, 182.0, 1.0, 28.0, 10.0, 84.0, 55.0, 3.0, 11.0, 963.0, 5.0, 2.0, 15.0, 47.0, 1.0, 406.0, 23.0, 30.0, 108.0, 47.0, 625.0, 9.0, 1.0, 2.0, 12.0, 73.0, 116.0, 649.0, 685.0, 58.0, 124.0, 1.0, 2.0, 1.0, 637.0, 157.0, 2.0, 718.0, 1.0, 3.0, 64.0, 198.0, 8.0, 2.0, 45.0, 287.0, 85.0, 11.0, 11.0, 42.0, 3.0, 554.0, 5.0, 282.0, 1.0, 178.0, 33.0, 29.0, 48.0, 4.0, 52.0, 1.0, 339.0, 250.0, 5.0, 15.0, 143.0, 744.0, 22.0, 130.0, 15.0, 13.0, 3.0, 147.0, 97.0, 1.0, 161.0, 17.0, 817.0, 6.0, 3.0, 291.0, 88.0, 55.0, 1.0, 52.0, 288.0, 4.0, 5.0, 35.0, 10.0, 2.0, 838.0, 11.0, 1.0, 1.0, 3.0, 11.0, 1.0, 19.0, 125.0, 2.0, 802.0, 29.0, 28.0, 36.0, 4.0, 15.0, 1.0, 151.0, 2.0, 103.0, 2.0, 1.0, 773.0, 20.0, 348.0, 16.0, 6.0, 99.0, 1.0, 6.0, 26.0, 44.0, 44.0, 1.0, 3.0, 46.0, 866.0, 4.0, 329.0, 23.0, 43.0, 1.0, 47.0, 835.0, 2.0, 25.0, 96.0, 805.0, 4.0, 239.0, 6.0, 13.0, 2.0, 5.0, 79.0, 7.0, 57.0, 18.0, 41.0, 6.0, 20.0, 9.0, 56.0, 1.0, 1.0, 521.0, 3.0, 223.0, 104.0, 353.0, 1.0, 657.0, 75.0, 416.0, 51.0, 51.0, 516.0, 228.0, 11.0, 4.0, 143.0, 2.0, 1.0, 2.0, 11.0, 412.0, 1.0, 669.0, 465.0, 6.0, 9.0, 20.0, 1.0, 130.0, 78.0, 25.0, 304.0, 302.0, 1.0, 284.0, 3.0, 36.0, 4.0, 14.0, 6.0, 1.0, 13.0, 13.0, 9.0, 2.0, 197.0, 2.0, 3.0, 27.0, 3.0, 802.0, 14.0, 30.0, 295.0, 1.0, 1.0, 51.0, 1.0, 11.0, 12.0, 30.0, 12.0, 148.0, 27.0, 191.0, 16.0, 1.0, 9.0, 22.0, 315.0, 34.0, 393.0, 54.0, 49.0, 113.0, 6.0, 74.0, 396.0, 160.0, 1.0, 1.0, 6.0, 41.0, 10.0, 116.0, 1.0, 1.0, 246.0, 46.0, 56.0, 18.0, 6.0, 1.0, 1.0, 34.0, 387.0, 652.0, 2.0, 1.0, 2.0, 1.0, 520.0, 17.0, 485.0, 144.0, 1.0, 5.0, 1.0, 140.0, 1.0, 5.0, 137.0, 176.0, 9.0, 41.0, 12.0, 6.0, 318.0, 6.0, 1.0, 1.0, 10.0, 53.0, 11.0, 133.0, 5.0, 306.0, 48.0, 6.0, 68.0, 2.0, 58.0, 916.0, 3.0, 42.0, 603.0, 1.0, 199.0, 1.0, 920.0, 68.0, 5.0, 132.0, 6.0, 197.0, 551.0, 12.0, 17.0, 24.0, 137.0, 5.0, 3.0, 54.0, 6.0, 1.0, 784.0, 758.0, 4.0, 2.0, 1.0, 9.0, 11.0, 3.0, 6.0, 120.0, 24.0, 118.0, 5.0, 1.0, 5.0, 2.0, 142.0, 496.0, 1.0, 2.0, 100.0, 50.0, 65.0, 167.0, 2.0, 633.0, 42.0, 97.0, 2.0, 378.0, 2.0, 1.0, 536.0, 18.0, 2.0, 12.0, 15.0, 1.0, 3.0, 105.0, 223.0, 5.0, 215.0, 4.0, 6.0, 682.0, 710.0, 3.0, 1.0, 3.0, 24.0, 103.0, 77.0, 981.0, 19.0, 2.0, 3.0, 1.0, 551.0, 173.0, 6.0, 10.0, 9.0, 32.0, 1.0, 12.0, 506.0, 173.0, 769.0, 1.0, 11.0, 83.0, 110.0, 50.0, 7.0, 259.0, 47.0, 15.0, 1.0, 44.0, 81.0, 35.0, 30.0, 99.0, 6.0, 15.0, 1.0, 1.0, 104.0, 500.0, 602.0, 1.0, 1.0, 11.0, 237.0, 1.0, 419.0, 39.0, 1.0, 817.0, 34.0, 10.0, 628.0, 122.0, 23.0, 2.0, 28.0, 356.0, 133.0, 1.0, 65.0, 8.0, 3.0, 8.0, 17.0, 504.0, 279.0, 95.0, 1.0, 11.0, 349.0, 120.0, 25.0, 8.0, 764.0, 1.0, 1.0, 34.0, 346.0, 210.0, 203.0, 168.0, 44.0, 123.0, 35.0, 3.0, 4.0, 1.0, 1.0, 395.0, 2.0, 83.0, 119.0, 8.0, 541.0, 5.0, 1.0, 3.0, 7.0, 68.0, 7.0, 190.0, 2.0, 8.0, 64.0, 68.0, 2.0, 1.0, 139.0, 112.0, 737.0, 117.0, 177.0, 45.0, 1.0, 406.0, 18.0, 270.0, 241.0, 29.0, 87.0, 47.0, 10.0, 2.0, 376.0, 1.0, 6.0, 662.0, 637.0, 10.0, 2.0, 20.0, 456.0, 18.0, 7.0, 39.0, 1.0, 132.0, 3.0, 297.0, 1.0, 75.0, 122.0, 94.0, 12.0, 47.0, 75.0, 206.0, 86.0, 3.0, 1.0, 1.0, 31.0, 28.0, 2.0, 898.0, 3.0, 4.0, 217.0, 884.0, 444.0, 3.0, 4.0, 977.0, 1.0, 26.0, 2.0, 64.0, 854.0, 229.0, 1.0, 359.0, 376.0, 62.0, 242.0, 949.0, 1.0, 285.0, 194.0, 1.0, 10.0, 1.0, 70.0, 6.0, 33.0, 152.0, 5.0, 16.0, 1.0, 1.0, 4.0, 15.0, 9.0, 700.0, 641.0, 3.0, 11.0, 360.0, 210.0, 5.0, 23.0, 8.0, 11.0, 178.0, 264.0, 65.0, 310.0, 6.0, 449.0, 151.0, 586.0, 28.0, 181.0, 24.0, 91.0, 12.0, 13.0, 710.0, 22.0, 300.0, 11.0, 9.0, 1.0, 5.0, 1.0, 71.0, 135.0, 5.0, 2.0, 113.0, 1.0, 251.0, 68.0, 6.0, 1.0, 105.0, 32.0, 9.0, 11.0, 12.0, 252.0, 389.0, 824.0, 61.0, 393.0, 2.0, 837.0, 153.0, 3.0, 108.0, 21.0, 1.0, 18.0, 4.0, 1.0, 8.0, 45.0, 4.0, 86.0, 26.0, 86.0, 1.0, 118.0, 25.0, 2.0, 27.0, 30.0, 992.0, 77.0, 16.0, 6.0, 1.0, 97.0, 256.0, 17.0, 4.0, 368.0, 24.0, 7.0, 286.0, 2.0, 799.0, 11.0, 9.0, 26.0, 251.0, 4.0, 3.0, 348.0, 61.0, 107.0, 224.0, 46.0, 582.0, 21.0, 4.0, 15.0, 5.0, 203.0, 2.0, 4.0, 160.0, 4.0, 14.0, 20.0, 20.0, 2.0, 13.0, 21.0, 5.0, 2.0, 547.0, 16.0, 594.0, 10.0, 27.0, 33.0, 29.0, 1.0, 176.0, 51.0, 266.0, 9.0, 3.0, 14.0, 303.0, 5.0, 14.0, 12.0, 11.0, 27.0, 664.0, 18.0, 3.0, 17.0, 2.0, 11.0, 25.0, 333.0, 815.0, 161.0, 3.0, 4.0, 1.0, 87.0, 899.0, 33.0, 681.0, 1.0, 1.0, 464.0, 47.0, 14.0, 174.0, 220.0, 384.0, 18.0, 277.0, 1.0, 1.0, 1.0, 2.0, 14.0, 442.0, 15.0, 223.0, 194.0, 22.0, 7.0, 1.0, 33.0, 36.0, 689.0, 3.0, 1.0, 10.0, 4.0, 1.0, 1.0, 12.0, 2.0, 3.0, 18.0, 530.0, 13.0, 1.0, 306.0, 1.0, 168.0, 148.0, 109.0, 4.0, 5.0, 1.0, 17.0, 486.0, 16.0, 16.0, 1.0, 557.0, 32.0, 84.0, 52.0, 363.0, 222.0, 4.0, 1.0, 38.0, 2.0, 1.0, 10.0, 108.0, 73.0, 86.0, 439.0, 64.0, 752.0, 1.0, 41.0, 12.0, 42.0, 3.0, 1.0, 164.0, 2.0, 649.0, 4.0, 3.0, 5.0, 227.0, 22.0, 38.0, 32.0, 68.0, 16.0, 1.0, 706.0, 13.0, 251.0, 68.0, 398.0, 317.0, 6.0, 213.0, 103.0, 706.0, 1.0, 76.0, 199.0, 5.0, 692.0, 603.0, 445.0, 105.0, 6.0, 365.0, 50.0, 17.0, 658.0, 42.0, 696.0, 141.0, 76.0, 30.0, 7.0, 8.0, 6.0, 294.0, 104.0, 777.0, 100.0, 1.0, 205.0, 1.0, 14.0, 1.0, 43.0, 98.0, 102.0, 21.0, 4.0, 670.0, 199.0, 14.0, 5.0, 988.0, 565.0, 59.0, 25.0, 387.0, 2.0, 59.0, 23.0, 7.0, 7.0, 84.0, 259.0, 1.0, 11.0, 137.0, 515.0, 1.0, 6.0, 103.0, 24.0, 6.0, 14.0, 264.0, 101.0, 24.0, 4.0, 1.0, 914.0, 252.0, 544.0, 339.0, 879.0, 153.0, 1.0, 2.0, 13.0, 48.0, 6.0, 51.0, 3.0, 1.0, 616.0, 22.0, 20.0, 224.0, 1.0, 1.0, 5.0, 4.0, 3.0, 340.0, 87.0, 3.0, 24.0, 3.0, 283.0, 7.0, 80.0, 140.0, 36.0, 7.0, 94.0, 46.0, 3.0, 9.0, 643.0, 10.0, 10.0, 236.0, 1.0, 4.0, 1.0, 7.0, 763.0, 11.0, 5.0, 149.0, 23.0, 907.0, 160.0, 345.0, 3.0, 38.0, 1.0, 90.0, 628.0, 3.0, 114.0, 1.0, 160.0, 272.0, 65.0, 544.0, 49.0, 1.0, 486.0, 2.0, 67.0, 199.0, 1.0, 11.0, 797.0, 1.0, 2.0, 403.0, 338.0, 1.0, 611.0, 28.0, 31.0, 17.0, 4.0, 279.0, 57.0, 263.0, 18.0, 1.0, 1.0, 286.0, 144.0, 3.0, 5.0, 734.0, 4.0, 57.0, 5.0, 105.0, 3.0, 83.0, 952.0, 85.0, 1.0, 1.0, 289.0, 52.0, 699.0, 1.0, 956.0, 18.0, 3.0, 1.0, 98.0, 1.0, 116.0, 19.0, 503.0, 258.0, 207.0, 14.0, 3.0, 241.0, 1.0, 2.0, 